0.0
1.192
1.084
1.301
1.192
0.0
-2.168
-2.168
-0.867
-0.867
-0.867
0.0
-0.108
-0.108
-0.217
-0.108
0.0
0.0
-0.108
0.325
0.217
0.108
0.217
0.108
0.0
0.325
0.0
0.108
0.325
0.0
0.325
0.217
0.434
0.217
0.217
0.108
0.542
0.434
0.108
0.0
0.108
0.0
-0.325
-0.867
-0.434
-0.65
-0.65
0.217
0.542
0.108
-0.217
0.0
-0.108
-0.976
0.434
0.542
0.108
-0.217
0.217
0.108
0.108
-0.108
0.0
0.0
0.434
-0.108
0.325
0.0
-0.867
-1.301
-0.759
0.217
1.192
0.542
0.108
0.434
-0.759
-0.434
-0.434
0.867
0.325
-0.867
-0.434
-0.217
-0.325
0.434
0.325
1.084
-0.976
-0.65
-0.325
0.867
0.65
-1.084
-0.542
0.434
0.434
0.217
-0.867
-0.65
0.65
0.867
0.434
-0.65
-0.542
-0.542
0.65
-0.108
-0.325
-0.867
0.325
0.434
0.108
0.542
-0.217
0.217
0.108
0.217
0.0
0.217
0.325
0.0
-0.867
-0.65
0.65
0.108
0.325
0.217
0.0
-0.542
0.434
0.108
0.434
-0.976
-0.759
0.65
0.217
0.325
0.217
-0.542
-1.084
0.542
0.217
0.108
0.434
0.0
0.217
0.325
-1.084
-0.542
0.542
-0.217
0.434
0.325
0.0
-0.867
-0.542
-0.325
-0.325
-0.325
-0.325
-0.108
-0.325
0.108
-0.217
0.0
-0.217
-0.108
-0.325
0.0
-0.108
-0.325
-0.108
-0.217
0.108
-0.325
0.0
-0.325
-0.217
-0.108
-2.168
-4.119
-3.577
-3.685
-4.227
-4.01
-3.902
-3.685
-3.902
-4.119
-4.227
-4.878
-4.336
-4.336
-4.01
-4.119
-7.045
-3.035
-2.601
-1.626
-1.192
0.108
0.0
-0.325
0.0
-0.217
-0.108
0.108
0.0
0.108
0.0
-0.217
0.108
0.108
0.217
0.0
0.217
0.108
0.0
0.217
0.434
0.325
0.0
0.434
0.0
0.0
0.217
0.867
-0.65
-0.759
-0.217
-0.108
-0.108
-0.325
-0.217
-0.108
-0.325
-0.217
-0.542
-0.108
-0.434
-0.542
-0.65
-0.434
-0.65
-0.325
-0.867
-0.542
-0.65
0.217
0.434
0.0
0.217
0.542
-1.084
-1.084
-0.65
0.542
1.192
0.542
0.0
-0.867
-0.434
-0.65
-0.434
-0.325
-0.65
-0.759
-0.325
0.325
-0.325
-0.434
-0.217
-0.217
-0.217
0.0
-0.325
-0.434
-0.217
-0.325
0.0
-0.434
-0.217
-0.325
-0.434
-0.325
-0.434
-0.108
0.0
-0.434
-0.108
-0.217
-2.276
-3.794
-4.336
-3.468
-4.227
-4.661
-3.794
-4.336
-3.36
-3.685
-4.119
-4.01
-3.468
-3.685
-4.119
-4.01
-6.178
-0.434
1.734
1.517
0.542
0.0
-0.759
-1.626
-0.759
-0.542
-0.867
-0.65
-0.976
-0.759
0.217
0.108
0.0
0.0
-1.626
-0.976
0.65
0.325
-0.108
-1.084
-1.192
0.542
0.325
-0.217
0.108
-0.65
-0.867
0.217
0.542
0.217
-1.192
-0.976
0.217
0.325
0.434
-0.976
-0.976
0.759
0.542
-0.217
-0.976
-1.301
0.108
0.65
-0.976
-1.192
-0.867
-0.759
-0.65
-0.867
-0.65
-0.65
0.217
0.542
0.0
1.192
0.325
0.759
0.434
0.542
0.867
0.325
0.976
0.65
0.976
-0.434
-0.976
-0.542
-0.542
-0.542
-0.976
0.434
0.542
0.976
0.867
-1.192
-0.759
-0.325
-0.542
-0.65
-0.325
-0.542
0.217
0.434
0.217
0.108
-0.65
-0.867
0.325
0.434
0.217
0.217
0.325
-0.976
-0.867
-0.867
0.542
0.759
0.325
-0.108
0.434
0.0
0.217
0.325
0.108
0.217
0.325
0.0
0.434
-0.867
-0.759
-0.542
0.434
0.434
0.542
0.108
-0.759
-0.976
0.434
0.542
0.217
0.542
-0.867
-0.759
0.434
0.65
0.434
-0.542
-0.867
-0.434
0.325
0.65
0.434
-0.759
-0.759
0.542
0.759
0.325
-0.976
-0.867
-0.542
-0.542
-0.434
-0.542
-0.325
-0.434
-0.217
-0.217
-0.434
-0.217
-0.108
0.0
-0.108
-0.108
-0.325
-0.217
0.108
-0.217
-0.217
-0.325
0.0
-0.217
-0.325
-0.217
-2.168
-4.01
-4.227
-3.035
-4.661
-4.552
-3.252
-4.444
-4.119
-4.227
-4.444
-3.794
-4.01
-3.794
-3.902
-4.336
-6.287
-2.385
-0.542
1.301
1.626
1.734
-0.65
-1.517
-1.084
-0.976
-1.084
0.325
0.542
0.108
-0.108
-1.301
-0.867
0.542
0.217
-0.108
0.217
0.108
-0.759
-0.976
-0.65
0.108
0.759
0.108
-0.867
-1.192
-0.65
0.325
0.542
0.217
0.108
-0.759
-0.759
-0.759
0.542
0.325
0.325
-0.759
-0.867
0.542
0.325
0.0
0.325
-0.867
-0.976
0.434
0.65
0.108
-0.759
-0.759
0.217
0.542
0.325
0.108
-0.867
-0.867
0.759
0.325
0.108
-0.976
-0.867
0.759
0.867
0.108
-0.976
-0.976
0.759
-0.325
0.108
1.084
-0.217
-0.65
-0.867
0.65
0.434
0.217
-0.542
-0.759
0.759
0.325
-0.217
-0.434
-1.517
-0.217
-0.217
-0.434
-0.217
-0.325
-0.325
-0.325
0.0
-0.217
-0.217
-0.325
-0.217
-0.325
-0.217
-0.108
-0.325
-0.217
-0.325
-0.217
-0.325
-0.217
-0.325
-0.217
-0.434
-0.217
0.0
-0.434
-1.951
-4.444
-3.794
-4.01
-4.01
-3.36
-4.227
-4.119
-4.227
-3.902
-3.902
-4.119
-4.227
-4.01
-4.336
-4.227
