0.0
2.445
2.223
2.667
2.445
3.557
4.446
4.446
10.225
12.448
9.336
4.89
6.446
6.891
8.002
5.112
6.224
7.113
7.335
11.781
5.335
6.891
7.113
6.891
6.668
7.335
6.224
5.557
6.891
6.668
4.223
5.335
5.335
5.779
5.335
6.002
6.002
4.89
10.892
12.448
11.336
11.559
8.224
6.668
6.668
7.113
6.668
5.335
4.668
5.112
11.114
8.002
10.892
7.78
4.001
5.112
7.335
7.113
5.335
5.557
5.112
6.891
11.114
8.447
5.779
7.335
6.446
10.67
9.336
4.001
12.67
8.002
2.445
7.335
5.557
5.779
5.557
4.89
6.668
5.779
5.112
5.335
6.668
8.002
7.335
6.668
5.112
3.112
5.112
5.779
7.335
5.779
4.89
4.446
6.446
6.668
4.89
5.335
6.224
6.224
6.224
4.446
4.89
6.224
5.557
9.114
6.224
10.447
9.114
5.335
7.335
5.335
5.112
6.002
7.558
5.779
6.002
5.779
8.002
5.779
5.557
7.113
4.89
7.558
5.335
6.002
6.002
7.113
8.002
5.112
5.335
5.557
5.779
6.002
6.446
6.224
5.779
6.446
6.668
6.446
4.89
6.002
6.224
6.002
5.779
7.558
6.668
6.891
6.224
6.002
5.557
11.114
8.891
5.557
5.335
5.335
6.446
8.224
9.558
7.78
7.335
8.669
7.335
8.224
8.891
7.113
7.113
7.335
9.114
7.113
7.78
8.224
8.224
7.558
7.335
8.224
8.002
7.78
8.447
7.335
3.557
2.667
0.667
1.334
0.222
1.111
1.334
0.889
0.445
0.0
1.111
-0.222
1.334
1.778
1.111
0.889
2.89
3.557
3.557
11.781
8.669
6.891
6.668
6.891
7.113
7.558
6.891
6.446
6.224
6.891
7.113
7.113
5.557
6.891
6.668
5.779
8.002
6.891
5.335
6.668
6.224
6.891
7.113
6.224
6.224
10.67
8.891
4.89
5.335
6.002
9.336
9.114
9.114
9.558
9.336
8.669
8.224
8.447
7.335
9.114
6.224
7.78
8.891
7.558
8.447
7.78
8.002
8.669
6.668
7.113
4.89
5.779
5.779
6.002
4.001
6.668
15.115
8.669
2.445
12.226
8.002
6.224
8.002
7.113
9.336
6.446
7.113
13.115
11.336
6.891
6.891
8.002
8.891
6.668
8.002
7.113
8.669
8.447
6.668
8.224
6.668
7.558
8.447
7.78
8.447
7.78
8.891
8.224
7.113
8.891
6.891
8.447
2.89
2.445
0.889
0.889
1.556
-0.222
1.111
1.334
1.556
0.889
0.889
1.111
0.889
0.445
0.889
0.667
2.89
2.667
3.557
3.557
6.446
7.113
5.557
5.112
9.114
7.335
8.891
7.558
6.002
8.224
5.335
5.557
5.779
12.003
8.669
6.446
5.779
5.557
6.891
5.779
5.112
6.002
5.112
7.113
7.335
5.779
5.779
4.89
6.002
6.224
5.112
6.891
6.668
5.112
5.335
6.002
6.002
4.668
4.668
12.892
6.002
6.668
6.446
5.335
4.668
7.335
6.224
6.002
5.779
8.447
11.114
12.892
7.113
13.115
8.891
4.223
7.335
5.557
7.558
6.446
6.224
6.446
6.002
7.113
5.112
6.224
6.002
7.335
8.669
8.669
7.78
6.668
6.002
5.112
7.113
5.557
7.335
7.78
7.78
10.67
7.78
9.558
6.668
5.335
5.335
6.446
5.335
6.668
6.446
5.779
5.779
6.224
6.891
5.557
5.779
12.892
8.669
3.779
7.78
7.335
5.779
7.558
6.668
7.335
7.78
6.668
7.78
6.224
7.113
5.779
5.112
9.114
6.224
5.335
6.002
6.891
5.557
6.002
7.113
6.446
4.89
6.446
5.335
6.446
7.113
5.335
6.224
5.557
6.668
7.113
6.446
5.335
5.335
5.112
7.335
5.112
5.557
6.891
5.557
6.668
7.335
9.114
6.224
7.78
8.224
8.891
8.891
7.558
9.336
8.891
8.224
8.002
7.335
8.669
9.114
8.447
7.78
7.558
8.891
7.78
7.113
8.891
7.335
8.002
3.112
1.556
0.667
1.334
0.222
-0.445
0.889
0.222
0.445
1.111
1.111
0.667
1.111
0.222
0.889
1.334
3.112
1.778
3.779
4.89
3.334
3.557
5.779
7.113
5.779
5.112
6.224
4.668
5.112
7.78
10.892
8.891
6.224
4.668
5.779
5.557
7.558
7.335
5.557
7.335
6.224
6.446
4.223
5.557
5.779
5.112
8.002
5.557
6.446
6.224
6.446
5.557
6.002
6.002
5.557
4.668
7.335
5.557
5.335
6.002
5.112
6.224
6.446
5.779
5.557
5.335
6.668
5.112
5.112
6.002
6.224
5.557
6.446
7.335
5.779
6.224
6.002
5.557
11.781
8.669
6.668
6.002
4.446
7.335
5.557
7.335
6.002
10.447
8.669
5.335
7.558
6.224
6.224
5.335
5.335
5.779
6.446
5.557
6.002
6.002
10.67
9.336
4.001
9.78
8.891
7.558
8.002
7.78
8.224
7.78
7.558
8.002
7.558
7.335
7.558
8.224
7.558
7.335
8.224
8.891
7.78
8.002
8.224
8.002
8.224
8.002
8.002
7.113
8.002
9.336
3.112
1.556
1.111
2.001
-0.222
0.667
1.111
0.889
1.111
1.334
0.889
0.889
0.667
0.667
0.445
1.111
